index	name
0	index
1	name
2	0
3	index
4	1
5	name
6	2
7	0
8	3
9	index
10	4
11	1
12	5
13	name
14	6
15	2
16	7
17	0
18	8
19	3
20	9
21	index
22	10
23	4
24	11
25	1
26	12
27	5
28	13
29	name
30	14
31	6
32	15
33	2
34	16
35	7
36	17
37	0
38	18
39	8
40	19
41	3
42	20
43	9
44	21
45	index
46	22
47	10
48	23
49	4
50	24
51	11
52	25
53	1
54	26
55	12
56	27
57	5
58	28
59	13
60	29
61	name
62	30
63	14
64	31
65	6
66	32
67	15
68	33
69	2
70	34
71	16
72	35
73	7
74	36
75	17
76	37
77	0
78	38
79	18
80	39
81	8
82	40
83	19
84	41
85	3
86	42
87	20
88	43
89	9
90	44
91	21
92	45
93	\s
94	46
95	22
96	47
97	10
98	48
99	23
100	49
101	4
102	50
103	24
104	51
105	11
106	52
107	25
108	53
109	1
110	54
111	26
112	55
113	12
114	56
115	27
116	57
117	5
118	58
119	28
120	59
121	13
122	60
123	29
124	61
125	\t
126	62
127	30
128	63
129	14
130	64
131	31
132	65
133	6
134	66
135	32
136	67
137	15
138	68
139	33
140	69
141	2
142	70
143	34
144	71
145	16
146	72
147	35
148	73
149	7
150	74
151	36
152	75
153	17
154	76
155	37
156	77
157	\n
